#show_version=6

- time: 0
  lights:
    l84: 000000%100
    l128: 000000%100
    l127: 000000%100
    l126: 000000%100
    l73: 000000%100
    l72: 000000%100
    l119: 000000%100
    l109: 000000%100
    l125: 000000%100
    l124: 000000%100
    l123: 000000%100
    l122: 000000%100
    l121: 000000%100
    l120: 000000%100
    l118: 000000%100
    l117: 000000%100
    l116: 000000%100
    l115: 000000%100
    l114: 000000%100
    l113: 000000%100
    l112: 000000%100
    l111: 000000%100
    l110: 000000%100
    l108: 000000%100
    l107: 000000%100
    l106: 000000%100
    l105: 000000%100
    l104: 000000%100
    l102: 000000%100
    l100: 000000%100
    l103: 000000%100

- time: 0.03333s

- time: 0.06667s

- time: 0.1s

- time: 0.13333s

- time: 0.16667s

- time: 0.2s

- time: 0.23333s
  lights:
    l122: ffffff%100
    l121: ffffff%100

- time: 0.26667s
  lights:
    l123: ffffff%100

- time: 0.3s
  lights:
    l122: 000000%100
    l121: 1e1e1e%100
    l120: ffffff%100

- time: 0.33333s
  lights:
    l125: ffffff%100
    l124: ffffff%100
    l123: 9f9f9f%100
    l121: 000000%100

- time: 0.36667s
  lights:
    l123: 000000%100
    l120: 000000%100

- time: 0.4s
  lights:
    l72: ffffff%100
    l125: 000000%100
    l124: 000000%100

- time: 0.43333s
  lights:
    l73: ffffff%100
    l107: ffffff%100
    l102: ffffff%100

- time: 0.46667s
  lights:
    l126: ffffff%100
    l72: 000000%100
    l119: ffffff%100
    l108: ffffff%100
    l104: ffffff%100

- time: 0.5s
  lights:
    l73: 000000%100
    l119: 000000%100
    l107: 000000%100
    l104: 000000%100
    l102: 000000%100
    l100: d1d1d1%100

- time: 0.53333s
  lights:
    l126: 000000%100
    l118: ffffff%100
    l108: 000000%100
    l106: ffffff%100
    l100: ffffff%100

- time: 0.56667s
  lights:
    l118: 000000%100
    l114: ffffff%100
    l100: 000000%100
    l103: ffffff%100

- time: 0.6s
  lights:
    l128: ffffff%100
    l114: 000000%100
    l106: 000000%100
    l105: ffffff%100
    l103: 000000%100

- time: 0.63333s
  lights:
    l110: ffffff%100
    l105: 000000%100

- time: 0.66667s
  lights:
    l128: 000000%100
    l117: ffffff%100
    l116: ffffff%100
    l113: ffffff%100
    l110: 000000%100

- time: 0.7s
  lights:
    l84: ffffff%100
    l117: 000000%100
    l116: 000000%100
    l113: 000000%100

- time: 0.73333s
  lights:
    l84: 000000%100
    l109: ffffff%100
    l111: ffffff%100

- time: 0.76667s
  lights:
    l127: ffffff%100
    l109: 000000%100
    l115: ffffff%100
    l111: 000000%100

- time: 0.8s
  lights:
    l127: 000000%100
    l115: 000000%100

- time: 0.83333s
  lights:
    l112: ffffff%100

- time: 0.86667s
  lights:
    l112: 000000%100

- time: 0.9s

- time: 0.93333s

- time: 0.96667s


